2 0.02
3 0.01
4 0.01
5 0.01
6 0.01
7 0.01
8 0.01
9 0.01
10 0.01
11 0.01
12 0.01
13 0.01
14 0.01
15 0.01
16 0.01
17 0.01
18 0.01
19 0.01
20 0.01
21 0.01
22 0.01
23 0.01
24 0.01
25 0.01
26 0.01
27 0.01
28 0.01
29 0.01
30 0.01
31 0.01
32 0.01
33 0.01
34 0.01
35 0.01
36 0.01
37 0.01
38 0.01
39 0.01
40 0.01
41 0.01
42 0.01
43 0.01
44 0.01
45 0.01
46 0.01
47 0.01
48 0.01
49 0.01
50 0.01
51 0.01
52 0.01
53 0.01
54 0.01
55 0.01
56 0.01
57 0.01
58 0.01
59 0.01
60 0.01
61 0.01
62 0.01
63 0.01
64 0.01
65 0.01
66 0.01
67 0.01
68 0.01
69 0.01
70 0.01
71 0.01
72 0.01
73 0.01
74 0.01
75 0.01
76 0.01
77 0.01
78 0.01
79 0.01
80 0.01
81 0.01
82 0.01
83 0.01
84 0.01
85 0.01
86 0.01
87 0.01
88 0.01
89 0.01
90 0.01
91 0.01
92 0.01
93 0.01
94 0.01
95 0.01
96 0.01
97 0.01
98 0.01
99 0.01
100 0.01
101 0.01
102 0.01
103 0.01
104 0.01
105 0.01
106 0.01
107 0.01
108 0.01
109 0.01
110 0.01
111 0.01
112 0.01
113 0.01
114 0.01
115 0.01
116 0.01
117 0.01
118 0.01
119 0.01
120 0.01
121 0.01
122 0.01
123 0.01
124 0.01
125 0.01
126 0.01
127 0.01
128 0.01
129 0.01
130 0.01
131 0.01
132 0.01
133 0.01
134 0.01
135 0.01
136 0.01
137 0.01
138 0.01
139 0.01
140 0.01
141 0.01
142 0.01
143 0.01
144 0.01
145 0.01
146 0.01
147 0.01
148 0.01
149 0.01
150 0.01
151 0.01
152 0.01
153 0.01
154 0.01
155 0.01
156 0.01
157 0.01
158 0.01
159 0.01
160 0.01
161 0.01
162 0.01
163 0.01
164 0.01
165 0.01
166 0.01
167 0.01
168 0.01
169 0.01
170 0.01
171 0.01
172 0.01
173 0.01
174 0.01
175 0.01
176 0.01
177 0.01
178 0.01
179 0.01
180 0.01
181 0.01
182 0.01
183 0.01
184 0.01
185 0.01
186 0.01
187 0.01
188 0.01
189 0.01
190 0.01
191 0.01
192 0.01
193 0.01
194 0.01
195 0.01
196 0.01
197 0.01
198 0.01
199 0.01
200 0.01
201 0.01
202 0.01
203 0.01
204 0.01
205 0.01
206 0.01
207 0.01
208 0.01
209 0.01
210 0.01
211 0.01
212 0.01
213 0.01
214 0.01
215 0.01
216 0.01
217 0.01
218 0.01
219 0.01
220 0.01
221 0.01
222 0.01
223 0.01
224 0.01
225 0.01
226 0.01
227 0.01
228 0.01
229 0.01
230 0.01
231 0.01
232 0.01
233 0.01
234 0.01
235 0.01
236 0.01
237 0.01
238 0.01
239 0.01
240 0.01
241 0.01
242 0.01
243 0.01
244 0.01
245 0.01
246 0.01
247 0.01
248 0.01
249 0.01
250 0.01
251 0.01
252 0.01
253 0.01
254 0.01
255 0.01
256 0.01
257 0.01
258 0.01
259 0.01
260 0.01
261 0.01
262 0.01
263 0.01
264 0.01
265 0.01
266 0.01
267 0.01
268 0.01
269 0.01
270 0.01
271 0.01
272 0.01
273 0.01
274 0.01
275 0.01
276 0.01
277 0.01
278 0.01
279 0.01
280 0.01
281 0.01
282 0.01
283 0.01
284 0.01
285 0.01
286 0.01
287 0.01
288 0.01
289 0.01
290 0.01
291 0.01
292 0.01
293 0.01
294 0.01
295 0.01
296 0.01
297 0.01
298 0.01
299 0.01
300 0.01
301 0.01
302 0.01
303 0.01
304 0.01
305 0.01
306 0.01
307 0.01
308 0.01
309 0.01
310 0.01
311 0.01
312 0.01
313 0.01
314 0.01
315 0.01
316 0.01
317 0.01
318 0.01
319 0.01
320 0.01
321 0.01
322 0.01
323 0.01
324 0.01
325 0.01
326 0.01
327 0.01
328 0.01
329 0.01
330 0.01
331 0.01
332 0.01
333 0.01
334 0.01
335 0.01
336 0.01
337 0.01
338 0.01
339 0.01
340 0.01
341 0.01
342 0.01
343 0.01
344 0.01
345 0.01
346 0.01
347 0.01
348 0.01
349 0.01
350 0.01
351 0.01
352 0.01
353 0.01
354 0.01
355 0.01
356 0.01
357 0.01
358 0.01
359 0.01
360 0.01
361 0.01
362 0.01
363 0.01
364 0.01
365 0.01
366 0.01
367 0.01
368 0.01
369 0.01
370 0.01
371 0.01
372 0.01
373 0.01
374 0.01
375 0.01
376 0.01
377 0.01
378 0.01
379 0.01
380 0.01
381 0.01
382 0.01
383 0.01
384 0.01
385 0.01
386 0.01
387 0.01
388 0.01
389 0.01
390 0.01
391 0.01
392 0.01
393 0.01
394 0.01
395 0.01
396 0.01
397 0.01
398 0.01
399 0.01
400 0.01
401 0.01
402 0.01
403 0.01
404 0.01
405 0.01
406 0.01
407 0.01
408 0.01
409 0.01
410 0.01
411 0.01
412 0.01
413 0.01
414 0.01
415 0.01
416 0.01
417 0.01
418 0.01
419 0.01
420 0.01
421 0.01
422 0.01
423 0.01
424 0.01
425 0.01
426 0.01
427 0.01
428 0.01
429 0.01
430 0.01
431 0.01
432 0.01
433 0.01
434 0.01
435 0.01
436 0.01
437 0.01
438 0.01
439 0.01
440 0.01
441 0.01
442 0.01
443 0.01
444 0.01
445 0.01
446 0.01
447 0.01
448 0.01
449 0.01
450 0.01
451 0.01
452 0.01
453 0.01
454 0.01
455 0.01
456 0.01
457 0.01
458 0.01
459 0.01
460 0.01
461 0.01
462 0.01
463 0.01
464 0.01
465 0.01
466 0.01
467 0.01
468 0.01
469 0.01
470 0.01
471 0.01
472 0.01
473 0.01
474 0.01
475 0.01
476 0.01
477 0.01
478 0.01
479 0.01
480 0.01
481 0.01
482 0.01
483 0.01
484 0.01
485 0.01
486 0.01
487 0.01
488 0.01
489 0.01
490 0.01
491 0.01
492 0.01
493 0.01
494 0.01
495 0.01
496 0.01
497 0.01
498 0.01
499 0.01
500 0.01
501 0.01
502 0.01
503 0.01
504 0.01
505 0.01
506 0.01
507 0.01
508 0.01
509 0.01
510 0.01
511 0.01
512 0.01
513 0.03
514 0.03
515 0.03
516 0.03
517 0.03
518 0.03
519 0.03
520 0.03
521 0.03
522 0.03
523 0.03
524 0.03
525 0.03
526 0.03
527 0.03
528 0.03
529 0.03
530 0.03
531 0.03
532 0.03
533 0.03
534 0.03
535 0.03
536 0.03
537 0.03
538 0.03
539 0.03
540 0.03
541 0.03
542 0.03
543 0.03
544 0.03
545 0.03
546 0.03
547 0.03
548 0.03
549 0.03
550 0.03
551 0.03
552 0.03
553 0.03
554 0.03
555 0.03
556 0.03
557 0.03
558 0.03
559 0.03
560 0.03
561 0.03
562 0.03
563 0.03
564 0.03
565 0.03
566 0.03
567 0.03
568 0.03
569 0.03
570 0.03
571 0.03
572 0.03
573 0.03
574 0.03
575 0.03
576 0.03
577 0.03
578 0.03
579 0.03
580 0.03
581 0.03
582 0.03
583 0.03
584 0.03
585 0.03
586 0.03
587 0.03
588 0.03
589 0.03
590 0.03
591 0.03
592 0.03
593 0.03
594 0.03
595 0.03
596 0.03
597 0.03
598 0.03
599 0.03
600 0.03
601 0.03
602 0.03
603 0.03
604 0.03
605 0.03
606 0.03
607 0.03
608 0.03
609 0.03
610 0.03
611 0.03
612 0.03
613 0.03
614 0.03
615 0.03
616 0.03
617 0.03
618 0.03
619 0.03
620 0.03
621 0.03
622 0.03
623 0.03
624 0.03
625 0.03
626 0.03
627 0.03
628 0.03
629 0.03
630 0.03
631 0.03
632 0.03
633 0.03
634 0.03
635 0.03
636 0.03
637 0.03
638 0.03
639 0.03
640 0.03
641 0.03
642 0.03
643 0.03
644 0.03
645 0.03
646 0.03
647 0.03
648 0.03
649 0.03
650 0.03
651 0.03
652 0.03
653 0.03
654 0.03
655 0.03
656 0.03
657 0.03
658 0.03
659 0.03
660 0.03
661 0.03
662 0.03
663 0.03
664 0.03
665 0.03
666 0.03
667 0.03
668 0.03
669 0.03
670 0.03
671 0.03
672 0.03
673 0.03
674 0.03
675 0.03
676 0.03
677 0.03
678 0.03
679 0.03
680 0.03
681 0.03
682 0.03
683 0.03
684 0.03
685 0.03
686 0.03
687 0.03
688 0.03
689 0.03
690 0.03
691 0.03
692 0.03
693 0.03
694 0.03
695 0.03
696 0.03
697 0.03
698 0.03
699 0.03
700 0.03
701 0.03
702 0.03
703 0.03
704 0.03
705 0.03
706 0.03
707 0.03
708 0.03
709 0.03
710 0.03
711 0.03
712 0.03
713 0.03
714 0.03
715 0.03
716 0.03
717 0.03
718 0.03
719 0.03
720 0.03
721 0.03
722 0.03
723 0.03
724 0.03
725 0.03
726 0.03
727 0.03
728 0.03
729 0.03
730 0.03
731 0.03
732 0.03
733 0.03
734 0.03
735 0.03
736 0.03
737 0.03
738 0.03
739 0.03
740 0.03
741 0.03
742 0.03
743 0.03
744 0.03
745 0.03
746 0.03
747 0.03
748 0.03
749 0.03
750 0.03
751 0.03
752 0.03
753 0.03
754 0.03
755 0.03
756 0.03
757 0.03
758 0.03
759 0.03
760 0.03
761 0.03
762 0.03
763 0.03
764 0.03
765 0.03
766 0.03
767 0.03
768 0.03
769 0.03
770 0.03
771 0.03
772 0.03
773 0.03
774 0.03
775 0.03
776 0.03
777 0.03
778 0.03
779 0.03
780 0.03
781 0.03
782 0.03
783 0.03
784 0.03
785 0.03
786 0.03
787 0.03
788 0.03
789 0.03
790 0.03
791 0.03
792 0.03
793 0.03
794 0.03
795 0.03
796 0.03
797 0.03
798 0.03
799 0.03
800 0.03
801 0.03
802 0.03
803 0.03
804 0.03
805 0.03
806 0.03
807 0.03
808 0.03
809 0.03
810 0.03
811 0.03
812 0.03
813 0.03
814 0.03
815 0.03
816 0.03
817 0.03
818 0.03
819 0.03
820 0.03
821 0.03
822 0.03
823 0.03
824 0.03
825 0.03
826 0.03
827 0.03
828 0.03
829 0.03
830 0.03
831 0.03
832 0.03
833 0.03
834 0.03
835 0.03
836 0.03
837 0.03
838 0.03
839 0.03
840 0.03
841 0.03
842 0.03
843 0.03
844 0.03
845 0.03
846 0.03
847 0.03
848 0.03
849 0.03
850 0.03
851 0.03
852 0.03
853 0.03
854 0.03
855 0.03
856 0.03
857 0.03
858 0.03
859 0.03
860 0.03
861 0.03
862 0.03
863 0.03
864 0.03
865 0.03
866 0.03
867 0.03
868 0.03
869 0.03
870 0.03
871 0.03
872 0.03
873 0.03
874 0.03
875 0.03
876 0.03
877 0.03
878 0.03
879 0.03
880 0.03
881 0.03
882 0.03
883 0.03
884 0.03
885 0.03
886 0.03
887 0.03
888 0.03
889 0.03
890 0.03
891 0.03
892 0.03
893 0.03
894 0.03
895 0.03
896 0.03
897 0.03
898 0.03
899 0.03
900 0.03
901 0.03
902 0.03
903 0.03
904 0.03
905 0.03
906 0.03
907 0.03
908 0.03
909 0.03
910 0.03
911 0.03
912 0.03
913 0.03
914 0.03
915 0.03
916 0.03
917 0.03
918 0.03
919 0.03
920 0.03
921 0.03
922 0.03
923 0.03
924 0.03
925 0.03
926 0.03
927 0.03
928 0.03
929 0.03
930 0.03
931 0.03
932 0.03
933 0.03
934 0.03
935 0.03
936 0.03
937 0.03
938 0.03
939 0.03
940 0.03
941 0.03
942 0.03
943 0.03
944 0.03
945 0.03
946 0.03
947 0.03
948 0.03
949 0.03
950 0.03
951 0.03
952 0.03
953 0.03
954 0.03
955 0.03
956 0.03
957 0.03
958 0.03
959 0.03
960 0.03
961 0.03
962 0.03
963 0.03
964 0.03
965 0.03
966 0.03
967 0.03
968 0.03
969 0.03
970 0.03
971 0.03
972 0.03
973 0.03
974 0.03
975 0.03
976 0.03
977 0.03
978 0.03
979 0.03
980 0.03
981 0.03
982 0.03
983 0.03
984 0.03
985 0.03
986 0.03
987 0.03
988 0.03
989 0.03
990 0.03
991 0.03
992 0.03
993 0.03
994 0.03
995 0.03
996 0.03
997 0.03
998 0.03
999 0.03
1000 0.03
1001 0.03
1002 0.03
1003 0.03
1004 0.03
1005 0.03
1006 0.03
1007 0.03
1008 0.03
1009 0.03
1010 0.03
1011 0.03
1012 0.03
1013 0.03
1014 0.03
1015 0.03
1016 0.03
1017 0.03
1018 0.03
1019 0.03
1020 0.03
1021 0.03
1022 0.03
1023 0.03
1024 0.03
1025 0.06
1026 0.06
1027 0.06
1028 0.06
1029 0.06
1030 0.06
1031 0.06
1032 0.06
1033 0.06
1034 0.06
1035 0.06
1036 0.06
1037 0.06
1038 0.06
1039 0.06
1040 0.06
1041 0.06
1042 0.06
1043 0.06
1044 0.06
1045 0.06
1046 0.06
1047 0.06
1048 0.06
1049 0.06
1050 0.06
1051 0.06
1052 0.06
1053 0.06
1054 0.06
1055 0.06
1056 0.06
1057 0.06
1058 0.06
1059 0.06
1060 0.06
1061 0.06
1062 0.06
1063 0.06
1064 0.06
1065 0.06
1066 0.06
1067 0.06
1068 0.06
1069 0.06
1070 0.06
1071 0.06
1072 0.06
1073 0.06
1074 0.06
1075 0.06
1076 0.06
1077 0.06
1078 0.06
1079 0.06
1080 0.06
1081 0.06
1082 0.06
1083 0.06
1084 0.06
1085 0.06
1086 0.06
1087 0.06
1088 0.06
1089 0.06
1090 0.06
1091 0.06
1092 0.06
1093 0.06
1094 0.06
1095 0.06
1096 0.06
1097 0.06
1098 0.06
1099 0.06
1100 0.06
1101 0.06
1102 0.06
1103 0.06
1104 0.06
1105 0.06
1106 0.06
1107 0.06
1108 0.06
1109 0.06
1110 0.06
1111 0.06
1112 0.06
1113 0.06
1114 0.06
1115 0.06
1116 0.06
1117 0.06
1118 0.06
1119 0.06
1120 0.06
1121 0.06
1122 0.06
1123 0.06
1124 0.06
1125 0.06
1126 0.06
1127 0.06
1128 0.06
1129 0.06
1130 0.06
1131 0.06
1132 0.06
1133 0.06
1134 0.06
1135 0.06
1136 0.06
1137 0.06
1138 0.06
1139 0.06
1140 0.06
1141 0.06
1142 0.06
1143 0.06
1144 0.06
1145 0.06
1146 0.06
1147 0.06
1148 0.06
1149 0.06
1150 0.06
1151 0.06
1152 0.06
1153 0.06
1154 0.06
1155 0.06
1156 0.06
1157 0.06
1158 0.06
1159 0.06
1160 0.06
1161 0.06
1162 0.06
1163 0.06
1164 0.06
1165 0.06
1166 0.06
1167 0.06
1168 0.06
1169 0.06
1170 0.06
1171 0.06
1172 0.06
1173 0.06
1174 0.06
1175 0.06
1176 0.06
1177 0.06
1178 0.06
1179 0.06
1180 0.06
1181 0.06
1182 0.06
1183 0.06
1184 0.06
1185 0.06
1186 0.06
1187 0.06
1188 0.06
1189 0.06
1190 0.06
1191 0.06
1192 0.06
1193 0.06
1194 0.06
1195 0.06
1196 0.06
1197 0.06
1198 0.06
1199 0.06
1200 0.06
1201 0.06
1202 0.06
1203 0.06
1204 0.06
1205 0.06
1206 0.06
1207 0.06
1208 0.06
1209 0.06
1210 0.06
1211 0.06
1212 0.06
1213 0.06
1214 0.06
1215 0.06
1216 0.06
1217 0.06
1218 0.06
1219 0.06
1220 0.06
1221 0.06
1222 0.06
1223 0.06
1224 0.06
1225 0.06
1226 0.06
1227 0.06
1228 0.06
1229 0.06
1230 0.06
1231 0.06
1232 0.06
1233 0.06
1234 0.06
1235 0.06
1236 0.06
1237 0.06
1238 0.06
1239 0.06
1240 0.06
1241 0.06
1242 0.06
1243 0.06
1244 0.06
1245 0.06
1246 0.06
1247 0.06
1248 0.06
1249 0.06
1250 0.06
1251 0.06
1252 0.06
1253 0.06
1254 0.06
1255 0.06
1256 0.06
1257 0.06
1258 0.06
1259 0.06
1260 0.06
1261 0.06
1262 0.06
1263 0.06
1264 0.06
1265 0.06
1266 0.06
1267 0.06
1268 0.06
1269 0.06
1270 0.06
1271 0.06
1272 0.06
1273 0.06
1274 0.06
1275 0.06
1276 0.06
1277 0.06
1278 0.06
1279 0.06
1280 0.06
1281 0.06
1282 0.06
1283 0.06
1284 0.06
1285 0.06
1286 0.06
1287 0.06
1288 0.06
1289 0.06
1290 0.06
1291 0.06
1292 0.06
1293 0.06
1294 0.06
1295 0.06
1296 0.06
1297 0.06
1298 0.06
1299 0.06
1300 0.06
1301 0.06
1302 0.06
1303 0.06
1304 0.06
1305 0.06
1306 0.06
1307 0.06
1308 0.06
1309 0.06
1310 0.06
1311 0.06
1312 0.06
1313 0.06
1314 0.06
1315 0.06
1316 0.06
1317 0.06
1318 0.06
1319 0.06
1320 0.06
1321 0.06
1322 0.06
1323 0.06
1324 0.06
1325 0.06
1326 0.06
1327 0.06
1328 0.06
1329 0.06
1330 0.06
1331 0.06
1332 0.06
1333 0.06
1334 0.06
1335 0.06
1336 0.06
1337 0.06
1338 0.06
1339 0.06
1340 0.06
1341 0.06
1342 0.06
1343 0.06
1344 0.06
1345 0.06
1346 0.06
1347 0.06
1348 0.06
1349 0.06
1350 0.06
1351 0.06
1352 0.06
1353 0.06
1354 0.06
1355 0.06
1356 0.06
1357 0.06
1358 0.06
1359 0.06
1360 0.06
1361 0.06
1362 0.06
1363 0.06
1364 0.06
1365 0.06
1366 0.06
1367 0.06
1368 0.06
1369 0.06
1370 0.06
1371 0.06
1372 0.06
1373 0.06
1374 0.06
1375 0.06
1376 0.06
1377 0.06
1378 0.06
1379 0.06
1380 0.06
1381 0.06
1382 0.06
1383 0.06
1384 0.06
1385 0.06
1386 0.06
1387 0.06
1388 0.06
1389 0.06
1390 0.06
1391 0.06
1392 0.06
1393 0.06
1394 0.06
1395 0.06
1396 0.06
1397 0.06
1398 0.06
1399 0.06
1400 0.06
1401 0.06
1402 0.06
1403 0.06
1404 0.06
1405 0.06
1406 0.06
1407 0.06
1408 0.06
1409 0.06
1410 0.06
1411 0.06
1412 0.06
1413 0.06
1414 0.06
1415 0.06
1416 0.06
1417 0.06
1418 0.06
1419 0.06
1420 0.06
1421 0.06
1422 0.06
1423 0.06
1424 0.06
1425 0.06
1426 0.06
1427 0.06
1428 0.06
1429 0.06
1430 0.06
1431 0.06
1432 0.06
1433 0.06
1434 0.06
1435 0.06
1436 0.06
1437 0.06
1438 0.06
1439 0.06
1440 0.06
1441 0.06
1442 0.06
1443 0.06
1444 0.06
1445 0.06
1446 0.06
1447 0.06
1448 0.06
1449 0.06
1450 0.06
1451 0.06
1452 0.06
1453 0.06
1454 0.06
1455 0.06
1456 0.06
1457 0.06
1458 0.06
1459 0.06
1460 0.06
1461 0.06
1462 0.06
1463 0.06
1464 0.06
1465 0.06
1466 0.06
1467 0.06
1468 0.06
1469 0.06
1470 0.06
1471 0.06
1472 0.06
1473 0.06
1474 0.06
1475 0.06
1476 0.06
1477 0.06
1478 0.06
1479 0.06
1480 0.06
1481 0.06
1482 0.06
1483 0.06
1484 0.06
1485 0.06
1486 0.06
1487 0.06
1488 0.06
1489 0.06
1490 0.06
1491 0.06
1492 0.06
1493 0.06
1494 0.06
1495 0.06
1496 0.06
1497 0.06
1498 0.06
1499 0.06
1500 0.06
1501 0.06
1502 0.06
1503 0.06
1504 0.06
1505 0.06
1506 0.06
1507 0.06
1508 0.06
1509 0.06
1510 0.06
1511 0.06
1512 0.06
1513 0.06
1514 0.06
1515 0.06
1516 0.06
1517 0.06
1518 0.06
1519 0.06
1520 0.06
1521 0.06
1522 0.06
1523 0.06
1524 0.06
1525 0.06
1526 0.06
1527 0.06
1528 0.06
1529 0.06
1530 0.06
1531 0.06
1532 0.06
1533 0.06
1534 0.06
1535 0.06
1536 0.06
1537 0.06
1538 0.06
1539 0.06
1540 0.06
1541 0.06
1542 0.06
1543 0.06
1544 0.06
1545 0.06
1546 0.06
1547 0.06
1548 0.06
1549 0.06
1550 0.06
1551 0.06
1552 0.06
1553 0.06
1554 0.06
1555 0.06
1556 0.06
1557 0.06
1558 0.06
1559 0.06
1560 0.06
1561 0.06
1562 0.06
1563 0.06
1564 0.06
1565 0.06
1566 0.06
1567 0.06
1568 0.06
1569 0.06
1570 0.06
1571 0.06
1572 0.06
1573 0.06
1574 0.06
1575 0.06
1576 0.06
1577 0.06
1578 0.06
1579 0.06
1580 0.06
1581 0.06
1582 0.06
1583 0.06
1584 0.06
1585 0.06
1586 0.06
1587 0.06
1588 0.06
1589 0.06
1590 0.06
1591 0.06
1592 0.06
1593 0.06
1594 0.06
1595 0.06
1596 0.06
1597 0.06
1598 0.06
1599 0.06
1600 0.06
1601 0.06
1602 0.06
1603 0.06
1604 0.06
1605 0.06
1606 0.06
1607 0.06
1608 0.06
1609 0.06
1610 0.06
1611 0.06
1612 0.06
1613 0.06
1614 0.06
1615 0.06
1616 0.06
1617 0.06
1618 0.06
1619 0.06
1620 0.06
1621 0.06
1622 0.06
1623 0.06
1624 0.06
1625 0.06
1626 0.06
1627 0.06
1628 0.06
1629 0.06
1630 0.06
1631 0.06
1632 0.06
1633 0.06
1634 0.06
1635 0.06
1636 0.06
1637 0.06
1638 0.06
1639 0.06
1640 0.06
1641 0.06
1642 0.06
1643 0.06
1644 0.06
1645 0.06
1646 0.06
1647 0.06
1648 0.06
1649 0.06
1650 0.06
1651 0.06
1652 0.06
1653 0.06
1654 0.06
1655 0.06
1656 0.043
1657 0.009
1658 0.009
1659 0.01
1660 0.009
1661 0.009
1662 0.01
1663 0.011
1664 0.008
1665 0.01
1666 0.009
1667 0.009
1668 0.009
1669 0.011
1670 0.009
1671 0.009
1672 0.009
1673 0.009
1674 0.009
1675 0.011
1676 0.027
1677 0.06
1678 0.06
1679 0.06
1680 0.06
1681 0.06
1682 0.06
1683 0.06
1684 0.06
1685 0.06
1686 0.06
1687 0.06
1688 0.06
1689 0.06
1690 0.06
1691 0.026
1692 0.012
1693 0.01
1694 0.01
1695 0.012
1696 0.009
1697 0.01
1698 0.009
1699 0.009
1700 0.012
1701 0.01
1702 0.011
1703 0.009
1704 0.009
1705 0.009
1706 0.009
1707 0.011
1708 0.009
1709 0.009
1710 0.01
1711 0.01
1712 0.01
1713 0.009
1714 0.01
1715 0.037
1716 0.06
1717 0.06
1718 0.06
1719 0.06
1720 0.06
1721 0.06
1722 0.06
1723 0.06
1724 0.06
1725 0.06
1726 0.06
1727 0.06
1728 0.06
1729 0.06
1730 0.06
1731 0.061
1732 0.009
1733 0.009
1734 0.009
1735 0.008
1736 0.009
1737 0.008
1738 0.009
1739 0.009
1740 0.011
1741 0.009
1742 0.01
1743 0.011
1744 0.011
1745 0.009